Coefficients of the inequalities given in the second table of arXiv:1112.2626.

The order of the coefficients is the following :
    constant, <A0>, <A1>, <B0>, <A0 B0>, <A1 B0>, <B1>, <A0 B1>, <A1 B1>,
    <C0>, <A0 C0>, <A1 C0>, <B0 C0>, <A0 B0 C0>, <A1 B0 C0>, <B1 C0>, <A0 B1 C0>, <A1 B1 C0>,
    <C1>, <A0 C1>, <A1 C1>, <B0 C1>, <A0 B0 C1>, <A1 B0 C1>, <B1 C1>, <A0 B1 C1>, <A1 B1 C1>
so that the first inequality translates to
    -1 - <A1> - <B1> - <A1 B1> - <C1> - <A1 C1> - <B1 C1> - <A1 B1 C1> <= 0

-1 0 -1 0 0 0 -1 0 -1 0 0 0 0 0 0 0 0 0 -1 0 -1 0 0 0 -1 0 -1
-4 0 -2 0 0 0 -2 0 0 -1 -1 0 -1 0 -1 0 -1 1 -1 1 0 1 0 1 0 1 1
-4 -1 -1 0 -1 1 -2 0 0 -1 -1 0 1 0 1 0 -1 1 -1 0 1 -1 -1 0 0 1 1
-4 0 -2 0 2 0 0 0 0 -1 -1 0 0 1 -1 1 0 1 -1 1 0 0 1 1 1 0 1
-5 -1 0 0 2 0 -1 1 0 -1 -1 0 0 1 -1 1 0 1 -2 0 2 0 1 1 0 1 1
-7 0 -3 0 -1 1 -3 1 0 0 -1 1 -1 0 -1 1 -1 2 -3 1 0 1 -1 2 0 2 2
-7 0 -3 -1 0 -1 -2 2 0 0 -1 1 0 -1 1 2 0 2 -3 1 0 -1 1 -2 0 2 2
-6 0 -2 0 0 0 -2 2 0 -1 0 1 0 -1 1 1 1 2 -1 0 1 0 1 -1 1 1 2
-6 0 -2 0 2 0 -2 0 0 -1 0 1 0 1 -1 1 1 2 -1 0 1 0 1 1 1 -1 2
-6 0 -2 -1 0 1 -1 0 1 -1 0 1 1 -1 2 0 1 1 -1 0 1 0 1 1 1 -1 2
-9 -1 -2 -2 3 1 -1 0 -1 -2 -1 1 1 1 2 3 2 1 -1 0 3 -1 2 1 0 -2 2
-6 -1 -1 -1 1 0 -1 0 1 -1 0 1 0 -1 1 1 1 2 -1 1 0 1 2 1 0 1 -1
-9 0 -3 -1 0 1 -2 2 0 -2 1 1 2 -1 3 0 2 2 -1 1 0 1 1 2 0 2 -2
-9 -1 -2 -1 1 0 -2 2 0 -1 1 2 1 -1 2 0 2 2 -2 0 0 2 2 2 0 2 -2
-5 -1 0 -1 -2 1 0 1 -1 -1 -1 0 0 -1 1 1 0 1 -2 0 2 -1 -1 0 1 1 0
-4 0 0 0 -1 1 0 1 -1 -2 0 0 0 -1 1 0 1 1 0 0 2 0 0 0 2 0 0
-5 0 -1 0 -1 -1 -1 1 0 0 0 0 1 0 1 1 0 1 -1 0 3 1 -1 0 0 1 1
-5 0 -1 0 -1 -1 -1 1 0 0 0 2 0 -1 1 0 1 1 -1 0 1 2 0 0 1 0 1
-9 0 -1 -1 3 0 -2 -1 -1 -1 0 1 1 1 2 2 1 1 -2 0 4 0 2 0 0 -2 2
-9 0 -1 -2 3 1 -1 -1 -2 -1 0 1 1 1 2 2 1 1 -2 0 4 -1 2 1 1 -2 1
-9 0 -1 -2 3 1 -1 -1 -2 -1 0 3 -1 2 1 0 -2 2 -2 0 2 1 1 2 3 1 0
-5 0 -1 0 -1 -1 -1 1 0 0 2 0 1 0 1 1 2 1 -1 0 1 1 -1 0 0 1 -1
-5 -1 0 0 -1 -1 -1 0 1 -1 1 0 1 0 1 0 1 1 0 0 2 1 -1 0 1 1 0
-6 0 0 0 -1 -1 -2 1 1 -2 1 1 0 -1 1 0 2 2 0 1 1 2 0 0 0 1 -1
-5 -1 0 0 1 -1 -1 -2 1 0 0 0 1 0 1 1 0 1 -1 1 2 1 1 0 0 0 0
-5 -1 0 -1 -1 0 0 0 0 -1 1 0 1 0 1 0 1 1 0 0 2 0 -1 1 2 1 -1
-6 -1 -1 0 0 0 0 -1 1 -1 0 1 0 -1 1 1 1 2 -1 1 0 2 1 1 1 0 -1
-7 0 -1 0 -1 1 -1 1 0 -2 2 0 2 0 2 0 2 2 -1 0 1 0 -1 1 1 1 -2
-7 0 -1 0 -1 1 -1 1 0 -3 1 0 1 -1 2 0 2 2 0 1 1 1 0 1 1 1 -2
-8 -1 -1 -1 -1 -2 -1 2 1 -1 1 0 2 1 1 1 2 1 -1 0 3 1 -2 1 0 2 0
-9 -1 -2 -1 -1 0 0 0 2 -3 0 1 0 -2 2 1 2 3 0 1 1 3 1 2 1 0 -1
-9 0 -1 -2 -1 -1 -1 1 2 -3 0 1 0 -2 2 1 2 3 0 2 2 2 1 1 0 1 -1
-8 -2 -2 -1 -1 -2 -1 1 0 0 0 0 2 1 1 2 1 1 0 0 4 1 -2 1 1 2 1
-12 -2 -2 -2 -1 -3 -2 3 1 -1 0 1 3 2 1 2 2 2 -1 0 5 1 -3 2 0 3 1
-8 -3 -1 -1 -1 -2 -1 0 1 -1 1 0 2 1 1 1 2 1 1 0 3 1 -2 1 2 2 0
-8 -2 -2 -2 0 -2 -2 -2 0 1 1 2 1 2 1 2 1 1 1 1 2 1 -2 1 2 1 1
-6 0 0 0 -1 -1 0 -1 1 -1 0 1 0 -1 1 1 1 2 -1 2 1 2 0 0 1 0 -1
-8 -1 1 -1 -2 1 1 1 0 -3 1 0 1 -1 2 0 2 2 -1 0 3 0 -1 1 3 1 -2
-8 -1 -1 0 -2 0 0 1 -1 -1 1 0 1 -1 2 2 2 2 -1 0 3 1 -1 0 2 1 -1
-9 -1 -2 0 -2 0 -1 1 -2 0 0 0 1 -1 2 3 1 2 -1 1 4 1 -1 0 2 2 0
-9 0 -1 -1 -2 -1 0 0 2 -3 0 1 0 -2 2 1 2 3 0 2 2 3 0 1 1 0 -1
-9 0 -1 -1 1 -2 -2 -3 1 0 1 3 0 2 2 0 -1 1 -1 1 2 3 -1 0 2 0 2
-9 -1 -2 -1 -1 -2 -2 -2 0 2 1 3 1 2 1 3 1 2 -1 2 1 2 -1 -1 1 -1 2
-12 -1 -1 0 -3 1 0 2 -2 -2 0 0 1 -2 3 3 2 3 -2 1 5 1 -1 0 3 2 -1
-6 -1 -1 -1 -2 -1 -1 -1 -2 -1 0 1 1 -1 0 0 1 -1 -1 1 0 0 -1 1 1 0 -1
-6 0 0 0 0 -2 0 0 0 -1 0 1 1 -1 0 2 1 1 -1 2 1 1 1 0 0 1 -1
-6 -1 -1 -1 -2 -1 -1 -1 -2 0 0 2 1 -1 0 1 1 0 0 1 1 0 -1 1 2 0 0
-8 0 -2 0 -2 0 -2 0 -2 0 1 3 1 -1 0 1 2 1 0 1 1 1 -1 2 3 0 1
-9 0 -1 -1 1 -2 -2 -3 1 0 1 1 2 -1 1 2 0 2 -1 1 4 1 2 1 0 -1 1
-9 0 -1 -2 1 -1 -1 -3 0 0 1 1 2 -1 1 2 0 2 -1 1 4 0 2 2 1 -1 0
-6 -1 -1 -1 -1 -2 -1 -2 -1 1 2 1 2 0 0 1 0 1 1 1 2 1 1 0 2 0 0
-10 0 -2 -2 -3 -1 -2 -1 -3 1 1 4 2 -1 1 1 2 1 -1 1 2 0 -2 2 3 -1 0
-10 0 -2 -2 -3 -1 -2 -1 -3 2 2 4 3 0 1 1 2 1 0 2 2 1 -1 2 3 -1 0
-14 -1 -3 -1 -1 -4 -3 -4 -1 3 2 5 2 3 1 5 1 2 -1 3 2 3 -2 -1 2 -1 3
-10 1 -1 -1 -1 0 1 -4 -1 -2 2 0 3 1 2 1 -1 -2 -2 1 3 0 -2 2 2 -1 1
-9 0 -1 0 3 -1 -1 1 0 -1 1 2 0 1 1 1 2 1 -2 -1 -1 0 2 -2 4 -1 1
-4 0 0 0 -1 -1 0 1 1 0 1 -1 1 0 1 1 1 0 0 -1 1 1 -1 0 1 0 -1
-6 -1 -1 0 0 0 -2 -1 -1 0 0 0 2 1 1 0 1 -1 -2 -1 -1 0 -1 1 0 -2 -2
-7 -1 0 1 1 0 0 2 0 -2 -2 0 1 1 2 1 1 -2 -1 1 0 2 0 0 1 1 0
-6 0 0 -1 -1 0 -1 1 0 -1 1 0 0 1 1 1 2 -1 -1 -1 0 1 -2 1 0 -1 -1
-7 0 -1 0 2 0 -1 0 -1 -3 0 -1 1 2 1 0 2 -2 0 0 0 1 0 1 1 -2 -1
-8 0 0 -2 0 2 0 0 0 -1 0 1 0 2 2 1 0 -1 -1 0 1 0 -2 2 3 0 1
-8 -1 1 -2 0 2 0 1 -1 -1 -1 2 0 2 2 3 1 0 -1 0 1 0 -2 2 1 0 -1
-8 -1 1 -2 0 2 0 1 -1 -2 -1 1 0 2 2 2 1 -1 0 0 2 0 -2 2 2 0 0
-8 -1 -1 0 2 0 -2 -1 -1 0 0 0 1 1 2 3 1 0 0 -1 3 1 1 0 1 -2 1
-8 0 -2 0 -1 -1 0 1 3 -2 1 -1 1 -1 2 1 2 1 0 -1 1 3 0 1 1 -1 0
-8 -2 -2 -1 -1 0 -1 -1 0 0 0 0 3 1 2 1 1 0 -2 -2 0 0 -2 2 0 -2 -2
-8 -1 -1 -1 0 -1 1 3 0 -1 1 0 1 1 2 2 2 0 -1 -2 1 2 -1 1 1 1 -2
-9 0 -1 -2 0 0 -1 2 -1 -3 1 0 0 2 2 1 3 -2 0 -1 1 2 -2 2 0 -1 -1
-9 0 -1 -2 2 0 -1 0 -1 -3 1 0 1 3 2 0 2 -2 0 -1 1 1 -1 2 1 -2 -1
-8 -1 -1 -2 -1 -1 0 2 0 0 0 0 1 1 2 3 1 0 0 -1 3 1 -2 1 1 1 0
-12 -2 -2 -2 -1 -3 -2 3 1 0 -1 1 3 2 1 3 1 2 0 -1 5 1 -3 2 1 2 1
-14 -1 -3 -5 -2 -1 1 1 4 -5 -2 -1 0 -4 4 3 2 3 1 1 4 3 2 3 0 -1 -1
-7 -1 0 0 2 0 -1 -1 0 -1 -1 0 1 1 2 2 0 0 0 2 0 1 1 0 1 1 -2
-8 0 0 -1 1 0 -1 1 0 -1 1 0 0 2 2 3 1 0 -1 1 0 1 -1 0 0 2 -2
-8 -1 1 -2 0 2 0 -1 1 -1 1 0 0 2 2 3 1 0 -1 0 1 0 -2 2 1 0 -1
-9 -1 0 -1 -1 0 -2 0 2 -1 1 2 3 1 2 0 2 2 0 0 0 0 -2 2 2 0 -2
-8 -1 -1 0 1 1 -2 -2 0 0 0 0 1 1 2 3 1 0 0 3 -1 1 0 1 1 1 -2
-9 0 -1 0 -2 0 -1 2 -1 0 -1 -1 1 -1 2 3 0 1 -1 1 4 1 -1 0 2 2 0
-8 2 0 -2 1 -1 0 1 -1 -2 2 0 0 2 2 0 2 -2 0 0 2 2 -1 1 2 -1 -1
-12 -2 -2 -3 -1 0 -1 -1 -2 0 0 2 3 2 3 1 2 -1 -4 -2 0 0 -3 3 0 -3 -3
-12 -1 -1 -4 -1 1 0 0 -2 -1 0 3 2 2 4 1 2 -1 -3 -1 0 0 -3 3 1 -2 -3
-9 0 -1 0 1 -3 -1 -1 2 0 -1 -1 1 2 -1 3 1 0 -1 3 2 1 -1 0 2 0 2
-11 0 1 -3 1 2 0 -1 -1 -2 1 1 0 3 3 2 2 -2 -1 1 2 1 -2 3 2 -1 -1
-12 -1 -1 0 1 3 -2 -2 -2 -1 -1 2 1 2 3 4 1 1 -1 4 -1 1 -1 2 2 1 -3
-12 -2 0 0 1 3 -2 -3 -1 -1 0 1 1 2 3 4 2 0 -1 4 -1 1 -1 2 2 1 -3
-12 -1 -3 0 2 0 -2 -1 -3 0 0 0 2 2 2 4 0 2 0 -1 5 2 2 0 2 -3 1
-12 -2 -2 0 2 0 -2 -2 -2 0 1 -1 2 2 2 4 1 1 0 -1 5 2 2 0 2 -3 1
-12 0 0 0 -3 1 0 3 -1 -2 -1 -1 1 -2 3 3 1 2 -2 1 5 1 -1 0 3 2 -1
-9 -1 0 0 1 -3 -1 0 1 0 2 2 1 -1 0 1 1 2 -1 -1 0 1 2 -1 4 1 -1
-10 0 0 -1 0 -3 1 0 1 0 3 1 1 2 1 1 1 -2 -2 -1 1 2 -2 0 4 1 1
-10 0 0 0 -1 -3 2 -1 1 -2 -1 1 2 -2 0 4 1 1 0 3 1 2 1 1 2 0 -2
-7 0 -1 0 1 1 -1 -1 0 -1 0 -1 0 1 -1 -1 1 -2 -2 0 0 0 0 2 0 -2 -2
-6 0 0 0 2 0 0 0 0 -1 0 -1 0 1 -1 -1 1 -2 -1 0 1 0 1 1 1 -1 -2
-6 0 0 0 0 0 0 2 0 -1 0 -1 0 1 1 1 1 -2 -1 0 1 0 -1 -1 -1 1 -2
-6 0 0 0 2 0 0 0 0 -1 -1 0 -1 1 0 0 0 -2 -1 1 0 1 1 0 0 0 -2
-6 0 0 0 2 0 0 0 0 -1 0 -1 0 1 1 1 1 -2 -1 0 1 0 1 -1 -1 -1 -2
-6 0 0 0 -1 1 0 1 1 0 -1 1 -1 -1 0 1 0 1 0 1 1 1 0 1 1 1 -2
-3 0 0 0 0 0 0 0 1 0 0 0 0 1 0 1 0 0 0 0 1 0 -1 0 0 0 0
-6 0 0 0 2 0 0 0 0 0 0 0 0 1 1 2 1 -1 0 0 2 0 1 -1 0 -1 -1
-8 -1 1 -1 0 1 1 3 0 -2 0 2 -1 2 1 1 2 -1 0 -1 1 0 -2 0 2 1 -1
-8 1 -1 -1 2 -1 -1 1 0 -1 1 0 -1 1 -2 0 2 0 1 0 3 0 1 1 3 -1 0
-8 -1 -1 1 2 1 -1 -1 0 0 0 0 1 1 2 3 1 0 0 -1 3 0 1 -1 0 -2 0
-6 0 0 0 1 -1 0 1 1 0 1 1 0 1 1 0 2 -2 0 -1 1 2 0 0 0 -1 -1
-7 0 -1 0 1 -1 -1 1 0 -1 1 0 1 1 2 0 2 -2 0 -1 1 1 0 -1 -1 -1 -2
-7 0 -1 -1 0 -1 0 2 0 -1 1 0 1 1 2 0 2 -2 0 -1 1 0 -1 -1 0 0 -2
-8 -1 -1 0 1 1 0 0 0 -1 0 1 1 2 1 0 2 -2 -1 -1 0 1 -1 2 0 -2 -2
-8 -1 -1 0 1 1 0 0 0 -2 0 0 2 2 2 0 2 -2 0 -1 1 0 -1 1 0 -2 -2
-9 0 -1 -1 0 1 0 2 0 -3 1 0 0 2 2 1 3 -2 0 -1 1 1 -2 1 -1 -1 -2
-9 -1 0 -2 0 2 1 1 0 -2 0 0 0 2 2 2 2 -2 -1 -1 2 0 -2 2 -1 -1 -2
-8 -1 -1 -1 -1 0 1 2 1 0 0 0 1 1 2 3 1 0 0 -1 3 0 -2 0 0 1 -1
-11 -2 1 -3 0 1 2 4 0 -2 -1 3 -1 3 2 3 2 -1 -1 -1 2 0 -3 1 1 2 -1
-14 -3 1 -3 0 3 1 3 0 -3 -1 4 -1 4 3 4 3 -1 -1 0 1 0 -4 2 1 2 -1
-3 0 0 0 0 0 0 1 0 0 0 1 0 1 0 0 0 0 0 0 0 0 0 -1 1 0 0
-6 0 0 0 1 1 0 1 -1 0 -1 1 0 1 1 2 0 0 0 1 1 0 2 -2 0 -1 -1
-3 0 0 0 0 0 0 1 0 0 0 1 0 1 0 0 0 0 0 0 0 1 0 0 0 0 -1
-7 0 -1 -1 1 0 0 1 -1 0 -1 1 1 1 2 1 0 -1 -1 1 0 0 2 -2 -1 -1 -2
-8 -1 -1 0 0 2 0 1 -1 -1 -1 0 0 2 0 1 1 -2 -1 0 1 2 0 2 -1 -2 -1
-8 -1 -1 0 1 1 0 0 0 -2 0 0 2 2 2 0 2 -2 0 1 -1 0 1 -1 0 -2 -2
-11 -2 -1 -2 2 0 -1 0 -1 -2 2 0 2 4 2 0 2 -2 -1 0 -1 0 2 -2 -1 -2 -3
-12 -2 0 -2 -1 3 0 3 -1 -4 -1 1 -1 3 2 1 2 -3 2 3 1 3 2 -1 1 -1 2
-18 -4 0 -6 -1 3 2 5 -1 -6 -1 3 -1 5 4 3 4 -3 2 5 -1 3 4 -3 1 -1 2
-24 -8 2 -8 -1 5 2 5 -1 -8 -1 5 -1 7 6 5 6 -3 2 5 -1 5 6 -3 -1 -3 2
-9 -1 0 0 0 2 1 -1 0 -1 -1 0 2 2 2 1 1 -2 -2 0 2 0 -2 2 0 -2 -2
-11 -2 1 -1 0 -1 2 4 0 -1 -1 2 0 3 1 3 2 -1 -2 -1 3 1 -3 0 1 2 -1
-11 -1 -2 -1 0 1 0 -1 -1 0 0 2 2 2 2 0 2 -2 -3 -1 0 1 -2 3 0 -3 -3
-11 -1 -2 -1 0 1 0 -1 -1 -1 0 1 3 2 3 0 2 -2 -2 -1 1 0 -2 2 0 -3 -3
-11 0 -1 -2 0 2 1 0 -1 -1 0 1 0 2 2 1 2 -3 -2 0 2 2 -2 4 0 -2 -2
-11 0 -1 -2 0 2 1 0 -1 -2 0 0 1 2 3 1 2 -3 -1 0 3 1 -2 3 0 -2 -2
-10 -1 -1 -1 0 -3 -1 1 0 0 2 0 2 2 2 0 2 -2 -2 -1 1 -1 -2 -3 1 1 -2
-10 -2 0 0 0 -2 0 2 0 -1 1 0 2 2 2 1 3 -2 -1 -1 2 0 -2 -2 1 1 -2
-10 -1 1 -1 0 -1 1 3 0 -1 1 2 0 2 2 1 3 -2 -1 0 1 1 -2 -1 2 2 -2
-12 1 -1 0 3 -1 -2 2 -2 -1 1 4 1 3 0 0 2 2 -1 0 1 -1 2 -3 4 -2 0
-10 0 -2 0 2 0 0 0 -2 0 0 0 2 1 3 0 -1 -1 -4 0 0 0 3 -3 0 -1 -3
-12 1 -1 -1 3 -2 -1 2 -1 -1 1 4 2 3 1 -1 2 1 -1 0 1 -1 2 -3 4 -2 0
-8 0 0 0 0 0 0 0 0 -1 1 0 1 1 2 0 2 -2 -1 1 0 1 1 -2 0 -2 -2
-10 0 0 0 1 -1 0 1 1 -2 1 1 2 3 -1 0 2 2 0 1 1 0 2 -2 2 -3 -1
-10 -1 1 -1 2 1 1 1 -2 -1 -1 2 -1 2 1 2 1 -1 -1 2 1 2 4 -2 1 -2 -1
-10 -1 1 0 0 0 0 3 -1 -1 0 -1 3 2 1 0 2 -2 -1 1 4 1 2 -1 0 -1 -1
-10 0 -2 -2 0 0 0 0 -2 0 0 0 2 1 3 0 -1 -1 -2 2 0 0 3 -3 0 -1 -3
-11 -1 0 -2 2 0 1 1 -2 -1 -1 2 0 2 2 1 1 -2 -2 2 0 2 4 -2 0 -2 -2
-11 -2 -1 -1 1 0 0 -1 -1 -1 1 0 3 3 2 0 2 -2 -2 1 -1 0 2 -2 0 -3 -3
-11 -1 0 -1 0 1 0 1 -1 -3 1 0 1 2 3 0 3 -3 0 2 0 2 2 -2 0 -2 -2
-12 -2 0 -1 1 -2 -1 1 0 -1 2 1 3 4 -1 0 2 2 -1 0 1 0 3 -3 1 -3 -2
-13 2 -1 1 0 1 0 4 -2 -2 -1 3 -1 3 2 3 2 -1 -3 3 0 4 -3 1 -1 2 -3
-12 0 2 0 0 0 0 4 -2 -1 1 2 -1 3 2 0 0 -2 -3 1 2 5 1 -2 0 2 -2
-12 0 2 0 0 0 0 4 -2 -2 2 2 -1 3 2 -1 1 -2 -2 0 2 5 1 -2 1 1 -2
-8 -1 1 0 1 -1 0 0 0 -1 -1 0 1 1 -2 0 0 -2 -1 0 3 1 2 1 0 -2 0
-8 0 0 0 0 0 0 0 0 -1 1 0 1 1 -2 0 2 -2 -1 1 0 1 1 2 0 -2 -2
-10 0 0 0 0 0 0 2 0 -2 0 0 2 1 3 0 3 -3 0 0 0 0 -1 -1 2 -1 -3
-11 -1 0 0 0 2 -1 -1 0 0 0 0 1 2 1 1 2 -3 -3 -1 0 1 -2 3 0 -3 -3
-11 -1 0 0 0 2 -1 -1 0 -1 0 -1 2 2 2 1 2 -3 -2 -1 1 0 -2 2 0 -3 -3
-11 1 0 -1 2 -1 0 1 1 -1 2 1 1 3 2 0 3 -3 0 -1 1 2 -1 1 2 -2 -2
-11 0 1 -1 0 -1 -2 2 0 0 1 -1 0 2 2 2 1 -3 -3 1 0 -1 -2 -3 0 3 -3
-11 -1 2 0 0 0 -1 3 0 -1 0 -1 0 2 2 3 2 -3 -2 1 1 0 -2 -2 0 3 -3
-11 0 1 -1 0 -1 -2 2 0 -1 2 -1 0 2 2 1 2 -3 -2 0 0 -1 -2 -3 1 2 -3
-10 0 2 0 0 2 -2 0 0 -2 2 0 0 1 3 0 3 -3 0 0 0 0 -1 -1 2 -1 -3
-12 0 0 -2 0 -2 -2 2 0 -1 3 0 1 2 3 0 3 -3 -1 -1 0 -1 -2 -3 2 1 -3
-11 -1 0 0 2 0 -1 -1 0 -1 0 -1 2 2 2 1 2 -3 -2 1 -1 0 2 -2 0 -3 -3
-11 0 1 -1 2 -1 -2 0 0 -1 2 -1 0 2 2 1 2 -3 -2 0 0 1 2 -3 -1 -2 -3
-11 0 1 0 1 1 -1 1 0 -3 1 0 1 2 3 0 3 -3 0 1 -1 1 1 -2 1 -2 -3
-11 1 0 -1 -1 -2 0 2 0 0 2 0 2 1 3 0 3 -3 -1 -1 2 1 -2 -1 2 -1 -3
-11 0 1 0 -1 -1 -1 1 0 0 2 0 2 1 3 0 3 -3 -1 0 1 0 -2 -2 3 0 -3
-4 0 0 0 0 0 0 0 0 0 0 0 0 0 0 0 -1 -1 0 0 0 0 1 -1 2 0 0
-4 0 0 0 0 0 0 0 0 0 0 0 1 0 1 0 -1 -1 0 0 0 0 1 -1 1 0 -1
-11 0 -1 1 1 0 0 -1 -1 -1 0 -1 3 0 3 0 -2 -2 -2 0 0 0 3 -3 2 -1 -3
-11 0 -1 0 1 -1 -1 1 0 0 1 1 1 1 2 -1 2 -3 -1 -1 0 1 2 -3 0 -3 -3
-13 0 -1 -1 0 1 0 2 0 -2 1 1 2 2 4 0 3 -3 1 1 0 1 2 -3 0 -3 -3
-13 -1 0 -1 1 0 0 2 0 -1 1 2 1 2 3 0 3 -3 0 0 0 2 3 -3 0 -3 -3
-16 -1 -1 -1 0 3 1 -1 0 0 0 2 1 3 2 1 3 -4 -4 -1 1 2 -3 5 0 -4 -4
-16 -1 -1 -1 0 3 1 -1 0 -2 0 0 3 3 4 1 3 -4 -2 -1 3 0 -3 3 0 -4 -4
-16 0 0 -2 0 4 2 0 0 -1 0 3 0 3 3 1 3 -4 -3 0 1 2 -3 5 1 -3 -4
-12 0 0 -1 1 0 1 3 0 -2 0 0 0 1 -3 0 3 -3 0 0 2 1 2 3 1 -2 -3
-11 0 -1 0 1 1 1 1 0 -1 0 1 0 2 -2 1 2 -3 0 0 0 2 1 3 0 -3 -3
-11 -1 0 0 2 0 1 1 0 -1 0 1 0 2 -2 1 2 -3 0 -1 1 2 2 2 0 -3 -3
-13 0 -1 -1 0 1 0 2 0 -1 1 0 1 2 -3 0 3 -3 0 1 1 2 2 4 0 -3 -3
-13 -1 0 -1 1 0 0 2 0 -1 1 0 1 2 -3 0 3 -3 0 0 2 2 3 3 0 -3 -3
-13 0 -1 -2 1 1 1 1 0 -1 1 0 0 3 -3 1 2 -3 0 1 1 2 2 4 0 -3 -3
-13 -1 0 -2 2 0 1 1 0 -1 1 0 0 3 -3 1 2 -3 0 0 2 2 3 3 0 -3 -3
-16 0 2 -1 1 0 -1 3 0 0 0 2 1 3 4 1 -3 -4 -2 2 0 2 2 -4 0 4 -4
-16 0 2 -3 3 0 1 1 0 0 0 2 1 3 4 1 -3 -4 -2 2 0 0 4 -4 2 2 -4
-16 -1 3 0 1 1 -2 2 0 -1 0 1 0 3 3 1 -3 -4 -1 3 0 2 2 -4 1 5 -4
-16 -1 3 -2 3 1 0 0 0 -1 0 1 0 3 3 1 -3 -4 -1 3 0 0 4 -4 3 3 -4
-4 0 0 0 0 0 0 0 0 0 0 0 0 -1 -1 0 1 -1 0 0 0 0 1 -1 0 -1 -1
-4 0 0 0 0 0 0 0 0 0 0 0 0 -1 -1 0 1 -1 0 0 0 0 -1 1 0 -1 -1

